1098000
1098000
1181000
1181000
1247000
1247000
1304000
1304000
1371000
1371000
1459000
1459000
1654000
1919000
2082000
1886000
1886000
2148000
2379000
2536000
3023000
3556000
3047000
3514000
3996000
4461000
1018000
1018000
1101000
1101000
1167000
1167000
1224000
1224000
1291000
1291000
1379000
1379000
1574000
1839000
2002000
1726000
1726000
1988000
2219000
2376000
2863000
3396000
2807000
3274000
3676000
4141000
998000
998000
1081000
1081000
1147000
1147000
1204000
1204000
1271000
1271000
1359000
1359000
1554000
1819000
1982000
1706000
1706000
1968000
2199000
2356000
2843000
3376000
2787000
3254000
3656000
4121000




















































954000
954000
1018000
1018000
1078000
1078000
1127000
1127000
1196000
1196000
1277000
1277000
1463000
1693000
1837000
1601000
1601000
1843000
2033000
2176000
2738000
3239000
2574000
3108000
3483000
3904000
936000
936000
1000000
1000000
1060000
1060000
1109000
1109000
1178000
1178000
1259000
1259000
1445000
1675000
1819000
1565000
1565000
1807000
1997000
2140000
2702000
3203000
2520000
3054000
3411000
3832000
934000
934000
998000
998000
1058000
1058000
1107000
1107000
1176000
1176000
1257000
1257000
1443000
1673000
1817000
1581000
1581000
1823000
2013000
2156000
2718000
3219000
2554000
3088000
3463000
3884000














































































906000
906000
957000
957000
1016000
1016000
1076000
1076000
1142000
1142000
1201000
1201000
1305000
1305000
1604000
1604000
1824000
2035000
2228000
2561000
3052000
3348000
3773000
891000
891000
942000
942000
1001000
1001000
1061000
1061000
1127000
1127000
1186000
1186000
1290000
1290000
1574000
1574000
1794000
2005000
2198000
2516000
3007000
3288000
3713000
1036000
1036000
1100000
1100000
1168000
1168000
1215000
1215000
1296000
1296000
1378000
1378000
1586000
1834000
2017000
1762000
1762000
1970000
2221000
2374000
2887000
3386000
2780000
3271000
3640000
4145000
1022000
1022000
1086000
1086000
1154000
1154000
1201000
1201000
1282000
1282000
1364000
1364000
1567000
1815000
1998000
1734000
1734000
1942000
2193000
2346000
2849000
3348000
2738000
3229000
3584000
4089000


























1009000
1009000
1066000
1066000
1127000
1127000
1163000
1163000
1250000
1250000
1327000
1327000
1531000
1750000
1919000
1711000
1711000
1915000
2137000
2276000
2874000
3353000
2682000
3258000
3627000
4112000
995000
995000
1052000
1052000
1113000
1113000
1149000
1149000
1236000
1236000
1313000
1313000
1512000
1731000
1900000
1683000
1683000
1887000
2109000
2248000
2836000
3315000
2640000
3216000
3571000
4056000


























976000
976000
1041000
1041000
1118000
1118000
1173000
1173000
1246000
1246000
1341000
1341000
1642000
1642000
1886000
2127000
2300000
2654000
3160000
3472000
3957000
963000
963000
1028000
1028000
1105000
1105000
1160000
1160000
1233000
1233000
1328000
1328000
1616000
1616000
1860000
2101000
2274000
2615000
3121000
3420000
3905000





















949000
949000
1007000
1007000
1077000
1077000
1121000
1121000
1200000
1200000
1290000
1290000
1591000
1591000
1831000
2043000
2202000
2556000
3147000
3459000
3924000
936000
936000
994000
994000
1064000
1064000
1108000
1108000
1187000
1187000
1277000
1277000
1565000
1565000
1805000
2017000
2176000
2517000
3108000
3407000
3872000





















1025000
1025000
1147000
1147000
1199000
1199000
1267000
1267000
1352000
1352000
1540000
1828000
1997000
1740000
1740000
1938000
2167000
2322000
2795000
3374000




















998000
998000
1106000
1106000
1147000
1147000
1221000
1221000
1301000
1301000
1485000
1744000
1899000
1689000
1689000
1883000
2083000
2224000
2782000
3341000




















1108000
1108000
1159000
1159000
1225000
1225000
1307000
1307000
1486000
1744000
1919000
2710000
3396000
1858000
2081000
2232000
2687000
3206000


















1067000
1067000
1107000
1107000
1179000
1179000
1256000
1256000
1431000
1660000
1821000
2697000
3363000
1803000
1997000
2134000
2674000
3173000


















885000
885000
950000
950000
1009000
1009000
1066000
1066000
1132000
1132000
1221000
1221000
1404000
1656000
1804000
2474000
3053000
2502000
3079000
1460000
1460000
1672000
1889000
2060000
2523000
3030000
2333000
2800000
3044000
3481000
863000
863000
928000
928000
987000
987000
1044000
1044000
1110000
1110000
1199000
1199000
1382000
1634000
1782000
1449000
1449000
1661000
1878000
2049000
2512000
3019000
2333000
2800000
3055000
3492000
858000
858000
916000
916000
968000
968000
1014000
1014000
1086000
1086000
1170000
1170000
1349000
1572000
1706000
2461000
3020000
2489000
3046000
1409000
1409000
1617000
1805000
1962000
2510000
2997000
2235000
2787000
3031000
3448000
836000
836000
894000
894000
946000
946000
992000
992000
1064000
1064000
1148000
1148000
1327000
1550000
1684000
1398000
1398000
1606000
1794000
1951000
2499000
2986000
2235000
2787000
3042000
3459000
751000
751000
803000
803000
868000
868000
962000
962000
1017000
1017000
1075000
1075000
1158000
1158000
1312000
1329000
1329000
1607000
1808000
1967000
2372000
2252000
2677000
2947000
3352000
784000
784000
836000
836000
901000
901000
995000
995000
1050000
1050000
1108000
1108000
1191000
1191000
1345000
1362000
1362000
1640000
1841000
2000000
2405000
2285000
2710000
2980000
3385000
776000
776000
834000
834000
921000
921000
965000
965000
1029000
1029000
1107000
1107000
1257000
1278000
1278000
1552000
1724000
1869000
2359000
2154000
2664000
2934000
3319000
809000
809000
867000
867000
954000
954000
998000
998000
1062000
1062000
1140000
1140000
1290000
1311000
1311000
1585000
1757000
1902000
2392000
2187000
2697000
2967000
3352000
1051000
1051000
1098000
1098000
1158000
1158000
1253000
1253000
1441000
1706000
1862000
2575000
3303000
1788000
2017000
2176000
2649000
3182000
2533000
3000000
1010000
1010000
1046000
1046000
1112000
1112000
1202000
1202000
1386000
1622000
1764000
2562000
3270000
1733000
1933000
2078000
2636000
3149000
2435000
2987000
1419000
1419000
1888000
2456000
3494000
1368000
1368000
1804000
2358000
3461000
1527000
1736000
2008000
1954000
2230000
2468000
1447000
1656000
1928000
1794000
2070000
2308000
1429000
1638000
1910000
1758000
2034000
2272000
1373000
1672000
1906000
2124000
1358000
1642000
1876000
2094000
1446000
1668000
1923000
1830000
2052000
2310000
1432000
1649000
1904000
1802000
2024000
2282000
1417000
1710000
1968000
2216000
1404000
1684000
1942000
2190000
1420000
1622000
1917000
1808000
2020000
2256000
1375000
1568000
1833000
1940000
2170000
1289000
1486000
1745000
1528000
1754000
1978000
1267000
1464000
1723000
1517000
1743000
1967000
1226000
1394000
1397000
1689000
1897000
1259000
1427000
1430000
1722000
1930000
1321000
1523000
1795000
1870000
2106000
1487000
1977000
1348000
1526000
1757000
1915000
1775000
2020000
2217000
2369000
2880000
1268000
1446000
1677000
1835000
1615000
1860000
2057000
2209000
2640000
1250000
1428000
1659000
1817000
1579000
1824000
2021000
2173000
2586000
1194000
1493000
1696000
1873000
2061000
2394000
1179000
1463000
1666000
1843000
2031000
2349000
1267000
1458000
1672000
1850000
1651000
1842000
2059000
2207000
2613000
1253000
1439000
1653000
1831000
1623000
1814000
2031000
2179000
2571000
1238000
1531000
1758000
1965000
2149000
2487000
1225000
1505000
1732000
1939000
2123000
2448000
1241000
1412000
1666000
1830000
1629000
1810000
2005000
2155000
1196000
1358000
1582000
1752000
1730000
1919000
2065000
1110000
1276000
1494000
1637000
1349000
1544000
1727000
1893000
2166000
1088000
1254000
1472000
1615000
1338000
1533000
1716000
1882000
2166000
1047000
1184000
1218000
1479000
1646000
1800000
2085000
1080000
1217000
1251000
1512000
1679000
1833000
2118000
1142000
1313000
1544000
1695000
1660000
1855000
2009000
2366000
1308000
1726000
2289000
74000
56000
74000
56000
80000
17000
39000
39000
4500
8000
17000
38000
4500





72000
43000
21000
21000
21000
13000
13000
20000
45000
45000

59000
1700
3500





19000
32000
13000
12000
12000
11000
27000
11000